Descripcion: normal
../bin/tp2 fcolor -i asm ../data/base/city.avi 20 220 20 126
Procesando...
  Filtro             : fcolor
  Implementación     : asm
  Archivo de entrada : ../data/base/city.avi
3309825,
2384613,
2386449,
2461800,
2398623,
2553822,
2579613,
2535162,
2429961,
2577594,
2555574,
2556279,
2567655,
2408706,
2389488,
2395296,
2392518,
2508129,
2385240,
2429763,
4412670,
2387409,
2389446,
2437488,
2386227,
2384463,
2389917,
2419938,
2471940,
2387205,
2393478,
2427729,
2390670,
2386512,
2393175,
2390553,
2438430,
2388087,
2390208,
2386221,
2456025,
2381517,
2388372,
2391696,
2405256,
2561250,
2452911,
2385771,
2390781,
2443857,
3030576,
2502951,
2608425,
2385798,
2561007,
2444493,
2389632,
2385408,
2417718,
2386176,
2415345,
2482053,
2420064,
2399811,
2472744,
2393202,
2386998,
2425347,
2394723,
2389716,
2401983,
2405784,
2392479,
2389281,
2392797,
2419410,
2412963,
2393652,
2388273,
2390481,
2477424,
2396316,
2386020,
2388675,
2412861,
2391912,
2389944,
2429310,
2419485,
2380926,
2435748,
2387541,
2454603,
2388174,
2387877,
2393625,
2418333,
2385912,
2392359,
Descripcion: normal
../bin/tp2 fcolor -i asm ../data/base/city.avi 20 220 20 126
Procesando...
  Filtro             : fcolor
  Implementación     : asm
  Archivo de entrada : ../data/base/city.avi
3307806,
2433351,
2395581,
2398101,
2399052,
2419443,
2400345,
2399559,
2399454,
2485221,
2403792,
2400774,
2399568,
2599365,
2399952,
2400129,
2456370,
2466180,
2404548,
2403348,
2406468,
2471295,
2396352,
2576697,
2535711,
2460057,
2421276,
2402259,
2512752,
2399223,
2464284,
2403987,
2519340,
2396826,
2456109,
2399772,
2462655,
2395671,
2401770,
2474328,
2704134,
2402547,
2449920,
2534313,
2495985,
2402727,
2404800,
2440149,
2400096,
2401026,
2460186,
2396916,
2455923,
2490354,
2415351,
2582175,
2479059,
2454450,
2400840,
2430357,
2470881,
2399040,
2395263,
2462244,
2432148,
2396712,
2397165,
2400534,
2534223,
2401707,
2398776,
2398854,
2512050,
2398782,
2399568,
2400156,
2538474,
2411748,
2393793,
2397012,
2464398,
2453964,
2449728,
2402049,
2468958,
2401980,
2397579,
2397882,
2504700,
2395089,
2442204,
2400198,
2530695,
2399184,
2397636,
2402313,
2468622,
2398626,
2402046,
Descripcion: normal
../bin/tp2 fcolor -i asm ../data/base/city.avi 20 220 20 126
Procesando...
  Filtro             : fcolor
  Implementación     : asm
  Archivo de entrada : ../data/base/city.avi
5982480,
2503203,
2463558,
2390565,
2389164,
2469951,
2388117,
2389182,
2389986,
2456208,
2384013,
2390868,
2390955,
2517438,
2440275,
2394945,
2391762,
2462784,
2390226,
2390160,
2393763,
2452305,
2394873,
2415687,
2426661,
2459940,
2387598,
2389647,
2385906,
2455977,
2394630,
2407527,
2442717,
2451873,
2414556,
2395119,
2534535,
2476584,
2391132,
2392119,
2470002,
2389656,
2398968,
2463642,
2384391,
2392227,
2636415,
2387427,
2461365,
2559864,
2451687,
2445459,
2387586,
2391906,
2497521,
2453844,
2390748,
2446977,
2409783,
2390022,
2394579,
2388264,
2447973,
2389185,
2406024,
2434215,
2431251,
2387646,
2409849,
2520126,
2388837,
2495073,
2454270,
2438829,
2385975,
2404743,
2384280,
2414925,
2444424,
2395053,
2518488,
2474661,
2386032,
2391795,
2389005,
2461146,
2544636,
2550054,
2390721,
2391297,
2443548,
2391039,
2395908,
2388021,
2468937,
2388054,
2454501,
2389728,
2449785,
Descripcion: normal
../bin/tp2 fcolor -i asm ../data/base/city.avi 20 220 20 126
Procesando...
  Filtro             : fcolor
  Implementación     : asm
  Archivo de entrada : ../data/base/city.avi
3394704,
2456382,
2394105,
2394336,
2396526,
2577270,
2400942,
2447748,
2392218,
2394468,
2443026,
2464548,
2392614,
2455278,
2396385,
2469486,
2392953,
2394060,
2408034,
2494320,
2389446,
2391294,
2451243,
2459166,
2521113,
2390379,
2412114,
2450217,
2393703,
2424954,
5962671,
2506218,
2428566,
2428068,
2490747,
2389998,
2395107,
2394315,
2409255,
2391582,
2392401,
2471544,
2391507,
2390247,
2393835,
2490780,
2391096,
2390706,
2394555,
2413371,
2389290,
2393421,
2393106,
2576103,
2399820,
2395563,
2549922,
2392695,
2392932,
2390184,
2417799,
2388321,
2390580,
2469489,
2479770,
2394630,
2395227,
2392473,
2415171,
2391426,
2391153,
2437809,
2424780,
2390982,
2397618,
2393511,
2388876,
2450286,
2388669,
2424033,
2395851,
2417601,
2417526,
2409186,
2393331,
2437287,
2412891,
2394111,
2394378,
2474922,
2555535,
2393355,
2395476,
2460483,
2389380,
2387928,
2390940,
2431989,
2392782,
Descripcion: normal
../bin/tp2 fcolor -i asm ../data/base/city.avi 20 220 20 126
Procesando...
  Filtro             : fcolor
  Implementación     : asm
  Archivo de entrada : ../data/base/city.avi
3309843,
2388156,
2385525,
2388591,
2387904,
2401242,
2389836,
2403507,
2389833,
2386650,
2387523,
2420040,
2384346,
2384259,
2383092,
2450883,
2388999,
2393109,
2451906,
2444934,
2384298,
2399892,
2473200,
2383239,
2382312,
2444817,
2385858,
2611656,
2386998,
2412321,
2392890,
2438598,
2388513,
2384979,
2386350,
2418747,
2752035,
2381661,
2388708,
2499447,
2385906,
2389341,
2437677,
2410743,
2390667,
2389887,
2522520,
2389638,
2390208,
2460375,
2473425,
2386953,
2391837,
2388351,
2438586,
2390154,
2386983,
2486034,
2480196,
2387742,
2383089,
2388186,
2453931,
2387133,
2406168,
2388306,
2451456,
2384619,
2387652,
2387358,
2459544,
2387187,
2425479,
2382414,
2454366,
2463708,
2388168,
2437065,
2495328,
2388993,
2412153,
2388570,
2478045,
2382936,
2389296,
2380785,
2550399,
2389749,
2387946,
2387769,
2661645,
2389104,
2430414,
2389473,
2385639,
2393532,
2382807,
2444205,
2390193,
