Descripcion: loop unrolling x2
../bin/tp2 fcolor -i asm ../data/base/city.avi 20 220 20 126
Procesando...
  Filtro             : fcolor
  Implementación     : asm
  Archivo de entrada : ../data/base/city.avi
3322890,
2502549,
2422155,
2424753,
2423979,
2628063,
2576253,
2593038,
2423025,
2618238,
2592537,
2593878,
2604219,
2436789,
2469231,
2498445,
2423634,
2461287,
2506821,
2545932,
2421255,
2428245,
2485572,
2421513,
2434344,
2426829,
2504703,
2420067,
2421477,
2421708,
2508099,
2425350,
2420433,
2420307,
2488509,
2424426,
2423253,
2421882,
2557671,
2422914,
2419980,
2450988,
2501256,
2422812,
2472801,
2430297,
2503890,
2423058,
2422911,
2421273,
2525301,
2442420,
2424567,
2424219,
2503734,
2421234,
2421165,
2424078,
2670786,
2427081,
2477169,
2503404,
2426031,
2416362,
2423898,
2488551,
2422515,
3660090,
2434209,
2551668,
2420397,
2419917,
2422344,
2480679,
2537415,
2427864,
2425950,
2423847,
2417628,
2423913,
2423715,
2520549,
2438790,
2424525,
2413557,
2420688,
2550891,
2425629,
2419422,
2427204,
2485743,
2420739,
2423496,
2489361,
2499918,
2419113,
2424708,
2421429,
2454513,
Descripcion: loop unrolling x2
../bin/tp2 fcolor -i asm ../data/base/city.avi 20 220 20 126
Procesando...
  Filtro             : fcolor
  Implementación     : asm
  Archivo de entrada : ../data/base/city.avi
3348621,
2615496,
2422377,
2424711,
2451012,
2560017,
2422362,
2419443,
2511156,
2422227,
2422425,
2530476,
2550642,
2418936,
2422791,
2486202,
2414841,
2439627,
2428863,
2442075,
2422215,
2421561,
2487624,
2422425,
2422635,
2422740,
2477679,
2420754,
2437461,
2497479,
2414604,
2421828,
2422131,
2487960,
2589564,
2422617,
2425386,
2474025,
2421327,
2430546,
2530839,
2416098,
2418408,
2440467,
2441118,
2419047,
2423358,
2476101,
2421330,
2419218,
2474559,
2415123,
2415069,
2463408,
2532459,
2420229,
2434401,
2497494,
2420409,
2565966,
2442573,
2491242,
2418033,
2423016,
2496534,
2418558,
2477049,
2423757,
2478138,
2473050,
2420145,
2470149,
2472402,
2421579,
2421096,
2468421,
2443407,
2420604,
2435493,
2489178,
2472600,
2428866,
2476005,
2497533,
2423553,
2423847,
2420208,
2498985,
2418417,
2433459,
2488203,
2418879,
2468136,
2459655,
2495550,
2465685,
2479128,
2497059,
2441811,
Descripcion: loop unrolling x2
../bin/tp2 fcolor -i asm ../data/base/city.avi 20 220 20 126
Procesando...
  Filtro             : fcolor
  Implementación     : asm
  Archivo de entrada : ../data/base/city.avi
3399546,
2571894,
2413179,
2475672,
2418987,
2427771,
2420160,
2414910,
2422476,
2445459,
2415573,
2418549,
2476854,
2624742,
2418768,
2420955,
2494854,
2418297,
2417784,
2417934,
2507511,
2474667,
2424246,
2420994,
2417217,
2420658,
2418228,
2418048,
2471061,
2419626,
2420652,
2464602,
2506410,
2417964,
2416674,
2417364,
2477400,
2415762,
2432652,
2420079,
2473362,
2419884,
2420385,
2521197,
2415933,
2416947,
2419995,
2498481,
2419176,
2420904,
2419755,
2484630,
2421351,
2476314,
2424036,
2547330,
2413248,
2421639,
2506224,
2422635,
2416404,
2420301,
2518461,
2489820,
2422017,
2414793,
2482848,
2419416,
2421465,
2437167,
2476497,
2416983,
2417652,
2479875,
2480595,
2417781,
2422986,
2420580,
2522013,
2416056,
2417244,
2421297,
2504565,
2423925,
2419662,
2419140,
2420373,
2474817,
2413929,
2421951,
2468565,
2507619,
2416281,
2467578,
2469135,
2446359,
2417601,
2426031,
2423424,
Descripcion: loop unrolling x2
../bin/tp2 fcolor -i asm ../data/base/city.avi 20 220 20 126
Procesando...
  Filtro             : fcolor
  Implementación     : asm
  Archivo de entrada : ../data/base/city.avi
10504089,
2433597,
2429547,
2436150,
2634807,
2430972,
2476215,
2470215,
2454489,
2424144,
2425236,
2538423,
2482260,
2478708,
2433417,
2427945,
2460660,
2439474,
2475504,
2433234,
2445135,
2430012,
2543181,
2495295,
2427921,
2451264,
2432928,
2460186,
2447529,
2427195,
2435931,
2476053,
2427789,
2430081,
2439156,
2501760,
2441451,
2599605,
2449440,
2425056,
2568990,
2432694,
2449491,
2602233,
2645769,
2462793,
2451891,
2428032,
2430819,
2462448,
2424573,
2428374,
2486607,
2449011,
2430867,
2481441,
2431530,
2481279,
2429652,
2430396,
2506122,
2453901,
2429883,
2425683,
2490063,
2452605,
2427951,
2450469,
2480334,
2477529,
2441754,
2432301,
2436909,
2567466,
2425749,
2433159,
2434644,
2522253,
2453187,
2424924,
2429688,
2561802,
2481399,
2439369,
2445372,
2487816,
2765235,
2433417,
2608590,
2428410,
2493714,
2432643,
2458635,
2431968,
2432676,
2431140,
2454594,
2605044,
2433192,
Descripcion: loop unrolling x2
../bin/tp2 fcolor -i asm ../data/base/city.avi 20 220 20 126
Procesando...
  Filtro             : fcolor
  Implementación     : asm
  Archivo de entrada : ../data/base/city.avi
7688982,
2494521,
2416482,
2419734,
2418318,
2494194,
2417163,
2598591,
2497530,
2415792,
2414523,
2420784,
2506920,
2415822,
2415417,
2413452,
2452671,
2422764,
2431326,
2421456,
2475120,
2421639,
2417313,
2513787,
2412885,
2477565,
2419689,
2437890,
2479824,
2416308,
2416419,
2419893,
2491692,
2463174,
2493360,
2421924,
2521251,
2419983,
2417730,
2418741,
2624136,
2422611,
2416803,
2419998,
2477220,
2418540,
2417988,
2421705,
2496975,
2417742,
2415141,
2416539,
2499882,
2417433,
2475468,
2417262,
2482029,
2416314,
2414523,
2524593,
2490657,
2706348,
2418135,
2422125,
2413632,
2415918,
2698638,
2484810,
2558787,
2417856,
2416614,
2502759,
2413026,
2417355,
2418486,
2719119,
2421072,
2415168,
2419359,
2416965,
2496132,
2417514,
2429331,
2598942,
2412720,
2417067,
2421249,
2414049,
2563284,
2417238,
2417925,
2462742,
2457636,
2418693,
2416050,
2496825,
2483163,
2421615,
2419650,
