Descripcion: loop unrolling x4
../bin/tp2 fcolor -i asm ../data/base/city.avi 20 220 20 126
Procesando...
  Filtro             : fcolor
  Implementación     : asm
  Archivo de entrada : ../data/base/city.avi
3271809,
2378304,
2378292,
2448045,
2536011,
2534835,
2369622,
2373612,
2589105,
2569194,
2562567,
2542524,
2370009,
2469876,
2374848,
2373465,
2392557,
2467836,
2418174,
2372340,
2379159,
2437719,
2374233,
2381550,
2374830,
2491470,
2369859,
2373144,
2376522,
2460732,
2371914,
2374545,
2385621,
2432448,
2422722,
2365674,
2379282,
2382114,
2444247,
2372019,
2372775,
2378607,
2436768,
2370897,
2375676,
2431698,
2433462,
2376564,
2371512,
2378301,
2415954,
2371242,
2376399,
2374476,
2578257,
2370423,
2376063,
2373990,
2437491,
2373447,
2376831,
2378322,
2512950,
2369646,
2375973,
2401005,
2449518,
2397927,
2373573,
2389002,
2371689,
2431404,
2374704,
2379687,
2445255,
2371071,
2374485,
2388588,
2376207,
2451813,
2378784,
2370258,
2375712,
2482122,
2369070,
2371350,
2373222,
2369322,
2387709,
2375607,
2375412,
2377848,
2430006,
2371929,
2372400,
2370795,
2393820,
2396574,
2375421,
Descripcion: loop unrolling x4
../bin/tp2 fcolor -i asm ../data/base/city.avi 20 220 20 126
Procesando...
  Filtro             : fcolor
  Implementación     : asm
  Archivo de entrada : ../data/base/city.avi
3385596,
2462463,
2382294,
2368566,
2389122,
2406831,
2381832,
2379663,
2380221,
2438961,
2379849,
2389635,
2379195,
2412297,
2374986,
2376987,
2375364,
2584284,
2375841,
2436294,
2380038,
2435370,
2376828,
2382003,
2375739,
2458635,
2378202,
2422677,
2376579,
2436486,
2374059,
2381691,
2376762,
2444307,
2377464,
2377911,
2428209,
2462598,
2380947,
2379054,
2379921,
2455059,
2385045,
2448990,
2375991,
2393061,
2378445,
2381838,
2377317,
2461893,
2376150,
2377077,
2394405,
2436888,
2375991,
2380518,
2384094,
2442084,
2382957,
2390574,
2486343,
2455167,
2373594,
2380245,
2435238,
2536779,
2377707,
2379435,
2374962,
2433585,
2426982,
2376105,
2377371,
2459268,
2382576,
2376081,
2376609,
2449875,
2379738,
2376435,
2389404,
2478234,
2376030,
2381562,
2381814,
2378868,
2413584,
2374731,
2380365,
2380302,
2404086,
2507106,
2378490,
2377275,
2448813,
2379345,
2380302,
2381184,
2380071,
Descripcion: loop unrolling x4
../bin/tp2 fcolor -i asm ../data/base/city.avi 20 220 20 126
Procesando...
  Filtro             : fcolor
  Implementación     : asm
  Archivo de entrada : ../data/base/city.avi
7088148,
2500650,
2481795,
2405382,
2367834,
2376480,
2428836,
2471844,
2382264,
2377731,
2428833,
2367147,
2373930,
2375526,
2446332,
2374944,
2374005,
2393085,
2437062,
2371113,
2376696,
2369616,
2429997,
2373225,
2388087,
2375541,
2454864,
2369457,
2372640,
2378040,
2538801,
2367876,
2368332,
2373327,
2432925,
2371584,
2435598,
2372496,
2508027,
2369706,
2367435,
2375643,
2443140,
2371638,
2372175,
2378709,
2444016,
2365875,
2367195,
2373096,
2501778,
2368662,
2369457,
2372790,
2452833,
2376429,
2373834,
2429847,
2443374,
2368464,
2375823,
2380356,
2469501,
2366589,
2372916,
2375913,
2445975,
2517279,
2373270,
2374008,
2371836,
2424162,
2374497,
2375076,
2370000,
2502405,
2367144,
2407455,
2376684,
2372208,
2432436,
2381799,
2381430,
2375040,
2428824,
2369190,
2373684,
2381295,
2495190,
2371971,
2375493,
2372775,
2443029,
2502552,
2372835,
2374815,
2459685,
2391504,
2378178,
Descripcion: loop unrolling x4
../bin/tp2 fcolor -i asm ../data/base/city.avi 20 220 20 126
Procesando...
  Filtro             : fcolor
  Implementación     : asm
  Archivo de entrada : ../data/base/city.avi
3806194,
2375247,
2372547,
2373624,
2431377,
2377533,
2377821,
2382405,
2437455,
2372871,
2371668,
2476263,
2456022,
2370075,
2373489,
2382327,
2491242,
2368332,
2390031,
2375850,
2426262,
2375409,
2376876,
2375328,
2453361,
2371677,
2380452,
2373936,
2439399,
2420262,
2371041,
2375184,
2370726,
2373153,
2386860,
2477319,
2370273,
2369556,
2398785,
2371821,
2518401,
2388765,
2374407,
2443770,
2375007,
2374071,
2372613,
2471547,
2376477,
2373951,
2376024,
2447496,
2369808,
2374251,
2426871,
2440134,
2377290,
2374548,
2374443,
2476731,
2373183,
2376651,
2369475,
2437542,
2373852,
2373525,
2376030,
2461839,
2370399,
2373135,
2372424,
2462592,
2391615,
2370441,
2370576,
2389419,
2431866,
2371194,
2370945,
2372955,
2445465,
2414268,
2390976,
2372841,
2456280,
2375250,
2374746,
2375508,
2455137,
2372664,
2370384,
2373519,
2461695,
2392833,
2376138,
2375865,
2531883,
2446977,
2371770,
Descripcion: loop unrolling x4
../bin/tp2 fcolor -i asm ../data/base/city.avi 20 220 20 126
Procesando...
  Filtro             : fcolor
  Implementación     : asm
  Archivo de entrada : ../data/base/city.avi
3294306,
2389152,
2390817,
2597922,
2397447,
2396109,
2393955,
2486061,
2394654,
2445498,
2397969,
2466537,
2390601,
2397573,
2396739,
2452626,
2391669,
2396514,
2394834,
2452344,
2392242,
2397735,
2515920,
2391639,
2392545,
2397351,
2396697,
2464950,
2392659,
2405748,
2400225,
2457426,
2394105,
2398875,
2396994,
2594478,
2439312,
2391681,
2395857,
2458365,
2392962,
2391354,
2394888,
2449542,
2397810,
2408976,
2395731,
2460177,
2392119,
2394591,
2394027,
2597394,
2393091,
2397882,
2394840,
2445384,
2391027,
2396106,
2496147,
2395371,
2388471,
2396733,
2395641,
2444565,
2391336,
2395782,
2393103,
2453313,
2393766,
2394036,
2504205,
2468187,
2389161,
2392644,
2394906,
2475993,
2390481,
2386302,
2422137,
2447424,
2389833,
2395974,
2407218,
2495637,
2428560,
2391621,
2396193,
2394969,
2526825,
2388861,
2448213,
2396076,
2460471,
2391111,
2396055,
2394195,
2576985,
2389710,
2389230,
