Descripcion: O2
../bin/tp2 fcolor -i c ../data/base/city.avi 20 220 20 126
Procesando...
  Filtro             : fcolor
  Implementación     : c
  Archivo de entrada : ../data/base/city.avi
5456034,
4512861,
4538952,
4508202,
4883127,
4916937,
4848825,
4688868,
4869645,
4813014,
4843509,
4877310,
4538193,
4500411,
4697862,
4508952,
4552038,
4770033,
4536309,
4505745,
4654833,
4851195,
5021856,
4530018,
4636500,
4606878,
4503186,
4647306,
4549815,
4505898,
4592457,
4499130,
4725510,
4506489,
4611444,
4577175,
4553130,
4500849,
4553373,
4503789,
4527141,
4506972,
4670385,
4552317,
4660380,
4724769,
4506381,
4569429,
4493004,
4541988,
4498830,
4569003,
4515351,
4564074,
4504806,
4526877,
4506795,
4675545,
4512150,
4613103,
4502892,
4670118,
4551219,
4508940,
4511103,
4510569,
4618020,
4559742,
4577559,
4604577,
4567746,
4533405,
4508973,
4472574,
4675248,
4533621,
4551657,
4493166,
4575102,
4540761,
4512687,
4488492,
4671921,
4546275,
4502190,
4516836,
4501305,
4483236,
4530000,
4481550,
4597575,
4537620,
4508313,
4560492,
4540713,
4488057,
4506360,
4479852,
4611531,
Descripcion: O2
../bin/tp2 fcolor -i c ../data/base/city.avi 20 220 20 126
Procesando...
  Filtro             : fcolor
  Implementación     : c
  Archivo de entrada : ../data/base/city.avi
5444091,
4484967,
4589235,
4488864,
4647522,
4491732,
4556877,
4819641,
4617240,
4494366,
5260452,
4678191,
4476528,
4592787,
4796187,
4598271,
4601985,
4488030,
4546659,
4484682,
4537383,
4483701,
4546128,
4491003,
4557159,
4487811,
4677567,
4487133,
4550211,
4582383,
4484007,
4554879,
4543464,
4544859,
4496532,
4563450,
4875648,
4541256,
4540524,
4707780,
4565958,
4557522,
5120964,
4495290,
4542150,
4481919,
4553457,
4727982,
4480287,
4480824,
4479090,
4582617,
4474470,
4683195,
4537260,
4607703,
4482525,
4484835,
4566342,
4488765,
4827573,
4495218,
4571979,
4827774,
4497708,
4519725,
4641990,
4585761,
4488420,
4542888,
4554717,
4535748,
4479333,
4548360,
4610841,
4560612,
4480260,
4536357,
4494483,
4612107,
4483122,
4489560,
4603131,
4493334,
4599855,
4450923,
4519563,
4628658,
4658433,
4454175,
4560660,
4462473,
4538892,
4465536,
4531050,
4506621,
4489593,
4459422,
4525587,
Descripcion: O2
../bin/tp2 fcolor -i c ../data/base/city.avi 20 220 20 126
Procesando...
  Filtro             : fcolor
  Implementación     : c
  Archivo de entrada : ../data/base/city.avi
5424888,
4469499,
4550799,
4522614,
4489536,
4471137,
4472211,
4616730,
4520703,
4537011,
4479624,
4523259,
4450737,
4533366,
4459287,
4553487,
4523226,
4639752,
4471095,
4539327,
4510803,
4460736,
4490409,
4470198,
4571019,
4560525,
4525869,
4475388,
4568409,
4453746,
4534689,
4464366,
4672110,
4468749,
4511433,
4470330,
4526580,
4496172,
4467486,
4467570,
4465053,
4591260,
4461429,
4471824,
4468431,
4467864,
4465245,
4590291,
4500948,
4520574,
4464141,
4510035,
4468044,
4528707,
4521837,
4461720,
4581738,
4469286,
4579812,
4570968,
4508109,
4474296,
4531752,
4482078,
4547346,
4467507,
4528065,
4518723,
4467450,
4561140,
4465482,
4560009,
4509444,
4518591,
4454154,
4585293,
4465902,
4538181,
4511988,
4579773,
4517316,
4505742,
4457928,
4530570,
4456821,
4504515,
4461894,
4584114,
4514613,
4512501,
4463346,
4575159,
4493889,
4535076,
4461651,
4679190,
4458432,
4492257,
4431576,
Descripcion: O2
../bin/tp2 fcolor -i c ../data/base/city.avi 20 220 20 126
Procesando...
  Filtro             : fcolor
  Implementación     : c
  Archivo de entrada : ../data/base/city.avi
5424747,
4491444,
4444038,
4494168,
4506003,
4562373,
4498884,
4635249,
4440003,
4437825,
4440102,
4441011,
4505217,
4430049,
4443396,
4456872,
4499640,
4436157,
4508469,
4433931,
4499577,
4432626,
4570668,
4439376,
4652220,
4438023,
4505376,
4433841,
4561476,
4604274,
4544019,
4458762,
4508898,
4433238,
4476789,
4440120,
4452834,
4432044,
4492980,
4450491,
4567038,
4434375,
4537488,
4437381,
4488294,
4430355,
4503372,
4441590,
4637727,
4433796,
4490295,
4557195,
4508244,
4436313,
4531992,
4445478,
4494225,
4518975,
4444605,
4510233,
4430925,
4510797,
4491861,
4585308,
4488600,
4596243,
4436703,
4506117,
4439946,
4555008,
4436448,
4568940,
4492164,
4450491,
4480578,
4482807,
4431471,
4467795,
4491345,
4590687,
4441878,
4503120,
4680297,
4462812,
4427178,
4435503,
4491936,
4446876,
4482147,
4436391,
4437204,
4437276,
4437621,
4559280,
4437522,
4557417,
4549149,
4466085,
4433556,
Descripcion: O2
../bin/tp2 fcolor -i c ../data/base/city.avi 20 220 20 126
Procesando...
  Filtro             : fcolor
  Implementación     : c
  Archivo de entrada : ../data/base/city.avi
5356722,
4410822,
4520892,
4416684,
4496844,
4416087,
4485120,
4461201,
4537005,
4665561,
4484271,
4428801,
4463565,
4413357,
4547961,
4470738,
4485351,
4414695,
4470501,
4424067,
4485399,
4414011,
4534221,
4451928,
4458531,
4416318,
4486365,
4418538,
4616721,
4413081,
4620531,
4524921,
4520451,
4416852,
4469349,
4424691,
4459368,
4411860,
4508985,
4414761,
4478355,
4414221,
4462395,
4421937,
4484310,
4414905,
4502040,
4416147,
4422942,
4439217,
4481787,
4410441,
4714206,
4418964,
4526613,
4467189,
4536399,
4479447,
4414884,
4490616,
4408914,
4522995,
4454052,
4538502,
4418082,
4482045,
4409052,
4502016,
4417146,
4547370,
4418049,
4537704,
4408275,
4532466,
4404564,
4481982,
4551447,
4417713,
4508097,
4417869,
4482567,
4429155,
4512087,
4419300,
4459227,
4404555,
4478082,
4467111,
4469742,
4417230,
4469100,
4428279,
4478583,
4424562,
4476705,
4474368,
4559982,
4427499,
4489383,
