Descripcion: normal
../bin/tp2 fcolor -i c ../data/base/city.avi 20 220 20 126
Procesando...
  Filtro             : fcolor
  Implementación     : c
  Archivo de entrada : ../data/base/city.avi
18576096,
17443509,
17662656,
22022022,
17997561,
18716007,
18817053,
17835267,
17533398,
17781603,
17719377,
17774466,
17502864,
17793351,
17621265,
17551062,
17647011,
17479413,
17474640,
17823930,
17540970,
17663439,
17557221,
17452020,
17629731,
17907093,
17646720,
17506998,
17492217,
17493939,
17505558,
18000639,
17508288,
17540337,
17445918,
17502483,
17649519,
17976495,
17500554,
17441694,
17500251,
17695815,
17509386,
17823186,
17466897,
20764245,
17839116,
17556465,
26406357,
17652840,
17573274,
17475444,
17486967,
17704779,
17740359,
17538771,
17484054,
17489280,
17638971,
17586633,
17657436,
17509581,
17470362,
17644152,
17573637,
17535228,
17764923,
17463975,
17640249,
17583804,
17668665,
17599434,
17783187,
17705631,
17588787,
17483220,
17601276,
17538633,
18292698,
17571219,
17531256,
17612943,
17589348,
17662872,
17505450,
17486538,
17527701,
17586003,
17711724,
17447364,
17744874,
17517789,
17539797,
17700792,
17462673,
17508975,
17499162,
17535669,
17710476,
Descripcion: normal
../bin/tp2 fcolor -i c ../data/base/city.avi 20 220 20 126
Procesando...
  Filtro             : fcolor
  Implementación     : c
  Archivo de entrada : ../data/base/city.avi
18686238,
17776482,
17536854,
17506971,
17600862,
17873958,
17779032,
17581887,
17509818,
17538861,
17591925,
18069093,
17648823,
17551374,
17710185,
17636703,
17681937,
17668620,
17515353,
17583789,
17742633,
17726259,
17689242,
17482803,
17626521,
17657055,
17704884,
17721672,
17550996,
17573580,
17714910,
18249429,
17639409,
17628906,
17462133,
17707512,
17872848,
17548533,
17588112,
17600418,
17562006,
18128376,
17649015,
17585259,
17519880,
17467698,
17605002,
17762607,
17546049,
17505825,
17543946,
17653542,
17982921,
17813415,
17614287,
17565258,
17698242,
17863524,
17756862,
17675109,
17496888,
17660964,
17600604,
17733567,
17669733,
17656950,
17641836,
17557326,
17745330,
17654649,
17603985,
17880801,
17570115,
17800836,
17604033,
17597838,
17712558,
17544771,
17795925,
17567241,
17599152,
17735013,
17672262,
18145668,
17618964,
17553993,
17771559,
17636385,
17743089,
17662410,
17535054,
17631054,
17666355,
17727411,
18065148,
17749815,
18022251,
17670216,
17724924,
Descripcion: normal
../bin/tp2 fcolor -i c ../data/base/city.avi 20 220 20 126
Procesando...
  Filtro             : fcolor
  Implementación     : c
  Archivo de entrada : ../data/base/city.avi
18732672,
17705913,
17552865,
17724735,
17620404,
17773260,
17476503,
18012048,
17900268,
18058962,
17660382,
17717952,
17631288,
17507595,
17498721,
17671002,
17719404,
17701293,
17599335,
17890371,
17854656,
17787657,
17637579,
17578104,
17517684,
17763945,
17586696,
17437104,
17738979,
17823129,
17700582,
17513076,
17452659,
17571894,
17753376,
18200187,
17725203,
17666913,
17682864,
17891898,
17720901,
17880210,
17533149,
17432628,
17529537,
17809776,
17708946,
17770125,
17542947,
18275394,
17801112,
17716881,
17589645,
17528037,
17451996,
17645523,
17563311,
17685729,
17830770,
18281736,
17634981,
17608146,
17744169,
17678277,
17473017,
17702235,
17595732,
17741622,
17698473,
17866386,
17684214,
17787417,
17678280,
17660094,
17770641,
18223068,
17702445,
17930826,
17671854,
18074982,
17701563,
17695374,
17677536,
17582724,
17580591,
18060888,
17699331,
17892492,
17675565,
18177153,
17696706,
17765031,
17687076,
17614506,
17549994,
18375534,
17562639,
17608644,
17592963,
Descripcion: normal
../bin/tp2 fcolor -i c ../data/base/city.avi 20 220 20 126
Procesando...
  Filtro             : fcolor
  Implementación     : c
  Archivo de entrada : ../data/base/city.avi
19017393,
17527266,
17548434,
17722782,
17627250,
17757840,
17527299,
17784570,
17483343,
17618154,
17769321,
17485044,
17484483,
17560401,
17619972,
17622495,
17930169,
17557434,
17539947,
17804814,
18891576,
17685351,
17776578,
17573367,
17618754,
17649567,
17689911,
17697519,
17763375,
17511201,
18641895,
17633199,
17805435,
17637930,
17593590,
17554989,
17536254,
17791905,
17500785,
17536224,
17803131,
17621520,
18190638,
17631216,
17676090,
17735682,
17715192,
17570646,
17616792,
17823759,
17757753,
18144678,
17639763,
17515251,
17824860,
17716674,
17788314,
17591457,
17592696,
18081480,
17628879,
18507159,
17644701,
17568888,
17746935,
17578008,
17726541,
17704152,
17728962,
18307536,
17980398,
18688560,
17601327,
17552919,
17732238,
17694960,
17614134,
17555139,
17561361,
18337758,
17491284,
18530169,
17864214,
17564193,
17669544,
17695398,
17704857,
17785710,
17822919,
17895318,
17893551,
17878344,
18164457,
17599089,
17809095,
17616492,
17844261,
17559594,
17605263,
Descripcion: normal
../bin/tp2 fcolor -i c ../data/base/city.avi 20 220 20 126
Procesando...
  Filtro             : fcolor
  Implementación     : c
  Archivo de entrada : ../data/base/city.avi
19514823,
17576973,
18619347,
17685624,
17625213,
17595669,
17557761,
17592399,
17702721,
17534172,
18029124,
17549274,
17524752,
17864946,
17547291,
17632200,
17459490,
17555118,
17722764,
17624088,
17744733,
17558700,
17952732,
17618634,
17603649,
17745573,
17626800,
17505558,
17880555,
17653968,
17747889,
17562624,
17535588,
17734677,
17655039,
17759715,
17579661,
17587407,
17583582,
17613930,
17790021,
17711607,
19409241,
17783583,
17703360,
17644371,
17594700,
17600697,
17588406,
17735985,
17566158,
17458005,
19018932,
17671188,
17715279,
17678772,
17558880,
17742240,
17668542,
17637912,
17695227,
17609949,
18715641,
17800197,
17634177,
17484180,
17594613,
17734857,
17660817,
17577012,
17747415,
17603946,
18943812,
17968995,
17693634,
17678325,
17694681,
17582277,
17606331,
17799267,
17617218,
17511723,
18080919,
18696327,
17664798,
17804526,
17538021,
17632758,
17655240,
17704230,
17746833,
17792844,
18101829,
18086949,
18098445,
17552826,
17809698,
17604003,
17701278,
