Descripcion: s/salto 1
../bin/tp2 fcolor -i c ../data/base/city.avi 20 220 20 126
Procesando...
  Filtro             : fcolor
  Implementación     : c
  Archivo de entrada : ../data/base/city.avi
13973145,
13029129,
13114788,
13019742,
13709934,
13325958,
13621530,
14009307,
14013972,
13146558,
13107696,
13077501,
13276404,
13006338,
13308237,
13227423,
13058232,
12962955,
13100856,
13007760,
13030725,
13068126,
13076715,
13197660,
13033053,
13059969,
13195878,
13066761,
12984147,
13154691,
13030800,
13130337,
13073055,
13001055,
13001538,
13090248,
13139340,
20448285,
13122891,
13217910,
13017207,
13025586,
13009695,
13024434,
13248918,
13031076,
13036650,
13120767,
13173633,
13098771,
13078095,
13121568,
13197258,
13032564,
13137090,
13100484,
13012056,
13033833,
13008939,
13039542,
13199022,
13096836,
13154265,
13169619,
13009545,
13125834,
13069377,
13129791,
13136970,
13096536,
12960318,
13177602,
13176579,
13151412,
13061865,
13068495,
13238322,
13010505,
13084812,
13111989,
13087893,
13013733,
13110273,
13013205,
13162167,
13072323,
13095084,
13263831,
13078320,
13079091,
13104870,
13067679,
13031862,
13145460,
12977889,
13249866,
13077804,
12999198,
13273494,
Descripcion: normal sin if sin cuerpo
../bin/tp2 fcolor -i c ../data/base/city.avi 20 220 20 126
Procesando...
  Filtro             : fcolor
  Implementación     : c
  Archivo de entrada : ../data/base/city.avi
14162100,
13219875,
13078722,
13020117,
13134174,
13018236,
13046967,
12975987,
13023552,
13199001,
13015248,
13050483,
13114293,
13298901,
13119150,
13146867,
13270194,
13228905,
13023336,
13136898,
13057506,
13098570,
13013703,
13012329,
13026723,
13320060,
13113972,
13340508,
13124262,
13162488,
13071003,
13126932,
13018284,
13281579,
13017096,
13094979,
13042164,
13050357,
13084110,
13214478,
13072059,
13092588,
13060134,
13025469,
13201968,
13031019,
13076139,
13065594,
13032801,
13028865,
13133892,
13102929,
13458042,
13190697,
13040856,
13276623,
13034967,
12993246,
13111269,
13234764,
13195143,
13143438,
13325418,
13118364,
13147968,
13271034,
13073670,
13232022,
13203213,
13033794,
13075080,
13082133,
12992355,
13147179,
13270371,
13154133,
13207908,
13100589,
13026969,
13187061,
13014489,
13233612,
13015230,
13088214,
13206096,
13359657,
13462842,
13291404,
13046559,
13028079,
13123830,
13021149,
13188066,
13024941,
12998067,
13177611,
13145046,
13131816,
13173309,
Descripcion: normal sin if sin cuerpo
../bin/tp2 fcolor -i c ../data/base/city.avi 20 220 20 126
Procesando...
  Filtro             : fcolor
  Implementación     : c
  Archivo de entrada : ../data/base/city.avi
14206434,
13117119,
13219848,
13108125,
12987201,
13142670,
12988446,
13039236,
12985857,
13025835,
13162149,
13179192,
13142778,
13131438,
13198113,
13082760,
13057890,
13163301,
13157094,
12993819,
12995718,
13098624,
13062915,
13026441,
13181613,
13146141,
13291791,
13169187,
13173858,
13069674,
13194039,
13184661,
13180344,
13032201,
13045572,
13047585,
13096872,
13263498,
13165521,
13189479,
13140543,
13238049,
13098030,
13088196,
13103565,
13266951,
13105200,
13078137,
13074348,
13241118,
13106652,
13148328,
13109991,
13200456,
13168620,
13028241,
13132974,
13035678,
13059954,
13120974,
13053873,
13213242,
13171572,
13086813,
13192434,
13095291,
13165608,
13144947,
13110483,
13221825,
13273251,
13031052,
13152882,
13119834,
13026204,
13177764,
13095681,
13389243,
13061034,
13174608,
13031748,
13291170,
13080600,
13181556,
13082583,
13003932,
13089243,
13203795,
13328109,
13118310,
13093350,
13097421,
13003131,
13142034,
13085841,
13195020,
13216152,
13052619,
13026954,
Descripcion: normal sin if sin cuerpo
../bin/tp2 fcolor -i c ../data/base/city.avi 20 220 20 126
Procesando...
  Filtro             : fcolor
  Implementación     : c
  Archivo de entrada : ../data/base/city.avi
14135196,
13067823,
13116780,
13011633,
13027701,
13013649,
13111722,
13245267,
13145562,
13285026,
13207716,
13066308,
12977385,
13111470,
13029696,
13212510,
13031691,
13186335,
13116072,
13149672,
13091316,
13140387,
13084542,
13150410,
13126341,
13010160,
13129968,
13059636,
13094997,
13005993,
13128384,
13302003,
13069350,
13024746,
13186674,
13028019,
13001073,
13086717,
13161678,
13268517,
13186092,
13156794,
13035891,
13071903,
13120935,
13178253,
13069530,
13222278,
13010397,
13086849,
13014498,
13085979,
13163277,
13050585,
12974067,
13110459,
13089132,
13093887,
13266741,
13087302,
13041276,
13117716,
13079991,
13084311,
13121142,
13080951,
13291467,
13021668,
13053111,
13175658,
13168053,
13145289,
13124787,
13248051,
13142733,
13118790,
13010382,
13130829,
13016427,
13102950,
13080219,
13008288,
13207125,
13136610,
13097133,
13077846,
13094718,
13007055,
13118049,
13017324,
12986670,
13018638,
13028307,
13234098,
13145160,
13125699,
13065912,
13266786,
12990900,
Descripcion: normal sin if sin cuerpo
../bin/tp2 fcolor -i c ../data/base/city.avi 20 220 20 126
Procesando...
  Filtro             : fcolor
  Implementación     : c
  Archivo de entrada : ../data/base/city.avi
14101905,
12973419,
13096635,
13025400,
13058940,
13201701,
13123398,
12969150,
13324800,
13038021,
13192821,
13056183,
13065288,
13234134,
13044258,
13122060,
13094790,
13139505,
13019733,
13041498,
12975135,
13227981,
13064946,
13134627,
13058583,
13086354,
13010550,
13218699,
13155786,
13083900,
13027401,
12981942,
13158642,
13031295,
13066356,
13058121,
13038546,
13023531,
13085136,
13098822,
13248807,
13154091,
13060314,
13058271,
13014762,
13037781,
13003704,
13039827,
13136373,
13100271,
13074729,
13173414,
13078755,
13233825,
13060128,
13087623,
13138173,
13066308,
13016877,
13126332,
12975396,
12965313,
13044843,
13083198,
13365900,
13086030,
13040589,
13012680,
13141866,
13117632,
13104141,
13143678,
13075635,
13075470,
13093311,
13254684,
13141890,
13202445,
13004940,
12984069,
12986541,
12973542,
12992871,
13275381,
13022184,
12958647,
13375407,
13164333,
13145967,
13120110,
13177692,
13210497,
13141389,
13045941,
13115610,
13016679,
13089417,
13105116,
13068534,
