Descripcion: O1
../bin/tp2 fcolor -i c ../data/base/city.avi 20 220 20 126
Procesando...
  Filtro             : fcolor
  Implementación     : c
  Archivo de entrada : ../data/base/city.avi
5783511,
4940685,
4893588,
4910472,
5310993,
5273763,
5263854,
4910466,
4956036,
5013000,
5307165,
4911015,
4948827,
4891920,
4941450,
4999971,
5144475,
5120475,
4894440,
4935081,
4984704,
4894005,
4951488,
4943583,
4887165,
4984626,
5009550,
5088009,
4895985,
4906005,
4945956,
4884876,
4969098,
4902816,
5356623,
4975965,
4899972,
5086986,
4964025,
5017446,
4906518,
4966806,
4932777,
4900197,
4956816,
4905549,
4969872,
5021919,
4890099,
4949742,
4906851,
4979949,
4962240,
4900689,
4969395,
5755941,
4891587,
5145669,
5300241,
6801885,
5145732,
4939671,
5018481,
19719972,
5290056,
4965513,
4951797,
4904286,
7664943,
5278755,
4908657,
5016303,
5160420,
4904541,
5087025,
5241411,
5239098,
5291313,
5299848,
5265111,
4893351,
4999164,
4953291,
4893993,
4936686,
5006451,
4869024,
4942956,
4949457,
4945803,
4884579,
4952085,
4953804,
4884441,
4952208,
4934808,
4970796,
4885413,
5069721,
Descripcion: O1
../bin/tp2 fcolor -i c ../data/base/city.avi 20 220 20 126
Procesando...
  Filtro             : fcolor
  Implementación     : c
  Archivo de entrada : ../data/base/city.avi
5875167,
4931508,
4926816,
4893441,
4891746,
5008173,
4938681,
4947525,
4961922,
4891776,
4976226,
5346738,
4917201,
4890273,
4976034,
4943772,
4949421,
4897650,
4889484,
4983423,
4895958,
5078877,
4965729,
4885551,
4972527,
4887111,
4972461,
4897128,
4892115,
4946241,
4892112,
5068458,
4891431,
4975245,
4995855,
4892313,
4961988,
4906275,
4948077,
4991340,
4895397,
5088747,
4900203,
4952781,
4986198,
4885590,
4957227,
4920102,
4949283,
5007690,
4896339,
5145357,
4905375,
4952283,
4993062,
4898307,
4981857,
4903659,
4988961,
4984194,
4899828,
5078682,
4900632,
4956351,
4984896,
4950063,
4954032,
4894995,
4944543,
4980114,
4887093,
5079915,
4879986,
4938402,
4888782,
4901391,
5006745,
4885326,
4933737,
4950861,
4963740,
4934844,
5014773,
4946592,
4879110,
4966377,
4885764,
4882146,
4952259,
4885614,
5003373,
4966749,
4883307,
4947975,
4894455,
4944228,
5003079,
4878432,
4951743,
Descripcion: O1
../bin/tp2 fcolor -i c ../data/base/city.avi 20 220 20 126
Procesando...
  Filtro             : fcolor
  Implementación     : c
  Archivo de entrada : ../data/base/city.avi
5840370,
4940748,
4928535,
4954788,
4920996,
4896537,
5071719,
4968891,
4898199,
5018169,
4932906,
4903083,
4948302,
4886520,
4961538,
4890966,
5116689,
4953960,
4887819,
4929258,
4889343,
4897641,
4959426,
4937970,
4964835,
4890060,
5151921,
4958136,
4894731,
4967133,
4887111,
4978296,
4958358,
4893150,
4973424,
4903668,
5071707,
4953927,
4908216,
4992681,
4897404,
4958535,
4903746,
4897812,
4964511,
4924872,
5066970,
4908297,
4891467,
4983447,
4906308,
4956984,
4961157,
4894572,
4938702,
4897596,
5085399,
4969335,
4894470,
4961895,
4899108,
4961040,
4905297,
4908135,
4960350,
4898922,
5086167,
4892085,
4913796,
4979049,
4891524,
4970289,
4882401,
4939581,
4982178,
4894431,
5078316,
4898061,
4953381,
4897233,
4912494,
4951113,
4893189,
4946769,
4885314,
4962960,
4932210,
4935522,
5291733,
4992861,
4909917,
4953984,
4892478,
4888899,
4974786,
4882578,
5119596,
4881360,
4958403,
Descripcion: O1
../bin/tp2 fcolor -i c ../data/base/city.avi 20 220 20 126
Procesando...
  Filtro             : fcolor
  Implementación     : c
  Archivo de entrada : ../data/base/city.avi
5889672,
4895277,
4912095,
4901340,
4977021,
4883463,
4936641,
4954023,
4889556,
5025087,
4893960,
4990605,
4891071,
4883205,
5000058,
4884363,
4909353,
4887177,
4953318,
4923969,
4881684,
4958262,
4903389,
4964424,
4887291,
4963512,
5170644,
4881285,
4976316,
4885224,
4969779,
4960830,
5059779,
4950006,
4897434,
4972044,
4885440,
5053980,
4972431,
4921851,
4970832,
4888737,
5078670,
4963044,
4882509,
4961817,
4902738,
4937181,
4955256,
4885476,
4991910,
4894734,
5079981,
4890618,
4947822,
4991550,
4882890,
4951896,
4886796,
4917360,
4986555,
4894533,
5090139,
4889391,
4942110,
4892574,
4881963,
4956975,
5148543,
4941840,
4898349,
5017875,
4949175,
4881462,
4944576,
4892082,
4990389,
4884108,
4999683,
4883364,
4887195,
4970622,
4882083,
4946469,
4872474,
4934859,
5048193,
4883772,
4942455,
4885446,
4941198,
4887783,
4963911,
4963080,
4891842,
4951113,
4882746,
4956132,
4889211,
Descripcion: O1
../bin/tp2 fcolor -i c ../data/base/city.avi 20 220 20 126
Procesando...
  Filtro             : fcolor
  Implementación     : c
  Archivo de entrada : ../data/base/city.avi
5889069,
4934433,
4909386,
4899735,
4962207,
4935849,
5010954,
4960080,
4892013,
4974426,
4949289,
4900920,
4996515,
4889757,
4968099,
4889700,
5076180,
4966668,
4895079,
5009316,
4889913,
4951725,
4964703,
4885080,
4957893,
4882797,
5117403,
4885974,
4954656,
4983402,
4973466,
5382096,
4903803,
4881858,
4970283,
4885755,
5063466,
4892973,
4940145,
4894053,
4879428,
4965774,
4887738,
4933665,
4886505,
4885767,
5034417,
4874451,
4930950,
4872555,
4991283,
4932162,
4892868,
4942680,
4895913,
4971411,
4887489,
4968189,
4960209,
4895433,
4992753,
4889433,
4951224,
4959567,
4895403,
4983357,
4885947,
4937145,
4893435,
4888374,
5008848,
4893804,
5006535,
4932879,
4935009,
4881996,
4953672,
4945608,
4881408,
4944387,
4891971,
4958613,
4885518,
5083212,
4948131,
4878726,
4969926,
4885803,
4961115,
4883349,
4936335,
4968264,
4886286,
5077605,
4882932,
4942617,
4882236,
4883643,
4958352,
