Descripcion: O3
../bin/tp2 fcolor -i c ../data/base/city.avi 20 220 20 126
Procesando...
  Filtro             : fcolor
  Implementación     : c
  Archivo de entrada : ../data/base/city.avi
6320217,
5517438,
5379177,
5420886,
5896041,
5402364,
5925372,
5840739,
5768886,
5872134,
5858709,
5471475,
5645607,
5387562,
5532150,
5375778,
5561148,
5442786,
5377164,
5456253,
5446095,
5383029,
5433345,
5505162,
5380341,
5451321,
5381388,
5377236,
5420457,
5379372,
5430060,
5447952,
5380980,
5482134,
5452635,
5451573,
5433411,
5381391,
5408538,
5595060,
5379324,
5390439,
5419014,
5379300,
5442756,
5441874,
5380521,
5455632,
5441685,
5389245,
5435784,
5384289,
5380092,
5437968,
5380431,
5378847,
5489478,
5378787,
5434266,
5518047,
5387343,
5451288,
5584290,
5383014,
5439567,
5477943,
5460420,
5464272,
5380491,
5381277,
5455677,
5379765,
5575587,
5438487,
5382363,
5453043,
5377773,
5380110,
5438661,
5412801,
5453247,
5438838,
5387259,
5437920,
5474532,
5377698,
5473824,
5378316,
5379807,
5484897,
5465160,
5432586,
5440698,
5385381,
5448369,
5580780,
5380746,
5464005,
5380761,
Descripcion: O3
../bin/tp2 fcolor -i c ../data/base/city.avi 20 220 20 126
Procesando...
  Filtro             : fcolor
  Implementación     : c
  Archivo de entrada : ../data/base/city.avi
6363978,
5446446,
5456082,
5384511,
5489682,
5441127,
5379801,
5442048,
5428023,
5379012,
5606493,
5384730,
5383626,
5517456,
5379405,
5390685,
5408226,
5442543,
5413869,
5406681,
5500044,
5448330,
5384631,
5382948,
5440719,
5384841,
5439018,
5502204,
5381955,
5394945,
5409618,
5445264,
5426820,
5382567,
5433825,
5458830,
5383743,
5471934,
5452023,
5383080,
5447079,
5389290,
5383404,
5585946,
5438484,
5381814,
5466438,
5381208,
5436384,
5463582,
5382027,
5504403,
5447256,
5393949,
5440779,
5483145,
5379381,
5392068,
5406183,
5379450,
5490222,
5386737,
5437971,
5458143,
5390886,
5453298,
5466753,
5382573,
5400540,
5382042,
5378607,
5413218,
5384001,
5432034,
5483685,
5436894,
5573745,
5386887,
5440053,
5574234,
5381454,
5443389,
5494398,
5379849,
5475591,
5386896,
5574726,
5471091,
5382831,
5408751,
5409993,
5381913,
5441481,
5422833,
5382807,
5444928,
5391456,
5439735,
5496693,
Descripcion: O3
../bin/tp2 fcolor -i c ../data/base/city.avi 20 220 20 126
Procesando...
  Filtro             : fcolor
  Implementación     : c
  Archivo de entrada : ../data/base/city.avi
6544893,
5449515,
5442951,
5384502,
5448969,
5453523,
5379912,
5435067,
5467839,
5379678,
5562552,
5448624,
5381763,
5460627,
5380302,
5382573,
5453436,
5395401,
5450301,
5442528,
5394213,
5440449,
5468211,
5382363,
5435790,
5497332,
5379666,
5486244,
5378481,
5402019,
5445603,
5388882,
5451693,
5453679,
5382921,
5443470,
5481573,
5382612,
5452977,
5383206,
5431347,
5458665,
5379357,
5568651,
5401980,
5380764,
5413860,
5447208,
5378880,
5446656,
5420121,
5398365,
5448342,
5390730,
5434044,
5464767,
5434944,
5436642,
5448927,
5381421,
5451747,
5452032,
5380689,
5439129,
5385726,
5375187,
5576364,
5381370,
5431845,
5462724,
5378466,
5394321,
5403885,
5380275,
5466078,
5382234,
5569371,
5460900,
5382291,
5454513,
5379015,
5433063,
5444304,
5385396,
5475708,
5402418,
5515869,
5500353,
5379390,
5409258,
5409339,
5383101,
5436651,
5515563,
5434914,
5437284,
5392569,
5433528,
5494545,
Descripcion: O3
../bin/tp2 fcolor -i c ../data/base/city.avi 20 220 20 126
Procesando...
  Filtro             : fcolor
  Implementación     : c
  Archivo de entrada : ../data/base/city.avi
23488476,
5454495,
5447058,
5377185,
5451837,
5450442,
5481825,
5469339,
5447775,
5408151,
5509992,
5444484,
5566101,
5449710,
5377098,
5486175,
5380404,
5402997,
5408451,
5378301,
5421891,
5416635,
5514069,
5647989,
5454390,
5386719,
5393394,
5381301,
5398761,
5553873,
5375874,
5394918,
5455047,
5380917,
5429592,
5377182,
5395353,
5410452,
5589180,
5547900,
5428314,
5379864,
5391459,
5384226,
5377434,
5544078,
5433615,
5395146,
5442657,
5377494,
5402250,
5384637,
5381235,
5472348,
5380056,
5557263,
5406693,
5379255,
5423145,
5408601,
5377878,
5394378,
5468175,
5377482,
5401299,
5473527,
5450094,
5443275,
5378400,
5396736,
5418111,
5377857,
5546535,
5383434,
5498160,
5449800,
5375631,
5432718,
5378787,
5396946,
5412714,
5381865,
5544504,
5379627,
5449827,
5450403,
5387478,
5418555,
5381178,
5398344,
5406129,
5431869,
5543733,
5422542,
5381976,
5396673,
5384250,
5427159,
5554389,
Descripcion: O3
../bin/tp2 fcolor -i c ../data/base/city.avi 20 220 20 126
Procesando...
  Filtro             : fcolor
  Implementación     : c
  Archivo de entrada : ../data/base/city.avi
6403590,
5547195,
5417121,
5575215,
5380371,
5443026,
5414208,
5468526,
5381727,
5395281,
5392443,
5380029,
5489379,
5391189,
5447763,
5459745,
5384169,
5432274,
5438595,
5409342,
5373033,
5413107,
5378604,
5379660,
5456655,
5380425,
5616108,
5447442,
5374641,
5440332,
5448645,
5441433,
5430906,
5501301,
5380947,
5435550,
5454579,
5384202,
5401188,
5458473,
5382642,
5433429,
5475678,
5381136,
5444793,
5444640,
5380446,
5447070,
5532201,
5389680,
5388603,
5435544,
5502534,
5466387,
5445702,
5378508,
5378058,
5406189,
5376003,
5377623,
5461278,
5387838,
5560230,
5396709,
5378718,
5408169,
5441433,
5380782,
5432520,
5509215,
5378004,
5402727,
5470566,
5394951,
5409564,
5381052,
5376831,
5500038,
5382672,
5401350,
5399973,
5376618,
5439939,
5462541,
5380905,
5566290,
5403297,
5383146,
5457342,
5377254,
5381409,
5436837,
5415804,
5376624,
5396430,
5386326,
5565363,
5463576,
5379741,
