Descripcion: s/salto 2
../bin/tp2 fcolor -i c ../data/base/city.avi 20 220 20 126
Procesando...
  Filtro             : fcolor
  Implementación     : c
  Archivo de entrada : ../data/base/city.avi
18308571,
17193747,
17170059,
18695619,
18193947,
17421795,
17419386,
17546727,
17800524,
17220792,
17322930,
17205642,
17251671,
17493357,
17248563,
17442327,
17193711,
17216184,
17325012,
17234391,
17324436,
17571288,
17163738,
17333043,
17198982,
17371332,
17207268,
17465640,
17433867,
17147079,
17421801,
17194176,
17178294,
17649606,
17145654,
17377713,
17207652,
17155953,
17373648,
17355858,
17400924,
17209641,
17179056,
17321673,
17146716,
17674446,
17247276,
17157612,
17373603,
17216340,
17339199,
17518287,
17178135,
17347605,
17161473,
17334507,
17216400,
17449041,
17300115,
17216775,
17325363,
17295333,
17178267,
17516163,
17237307,
17359254,
17255400,
17204706,
17297331,
17430945,
17355780,
17206368,
17214909,
17384049,
17224440,
17667486,
17193822,
17150973,
17330529,
18944394,
17425998,
17318085,
17223789,
17320779,
17139003,
22053513,
17379753,
17373954,
17186649,
17272815,
17438148,
17233596,
17210052,
17359254,
17219832,
17331168,
17179632,
17190444,
17250666,
Descripcion: normal sin if con cuerpo
../bin/tp2 fcolor -i c ../data/base/city.avi 20 220 20 126
Procesando...
  Filtro             : fcolor
  Implementación     : c
  Archivo de entrada : ../data/base/city.avi
20594850,
17386458,
17408334,
17278515,
17352441,
17323335,
17378946,
17352897,
17314428,
17486940,
17452041,
17380026,
17202654,
17243889,
17274171,
17267634,
17365929,
17318883,
17322135,
17305287,
17288643,
17370792,
17605155,
17325108,
17294322,
17323458,
18109584,
17270475,
17470197,
17413920,
17278302,
17323065,
17197422,
17298717,
17504454,
17283243,
17401515,
17235363,
17254098,
17240547,
17462172,
17629044,
17602239,
17253213,
17164245,
17240949,
17639088,
17329713,
17306766,
17153532,
17230311,
17391093,
17472762,
19241040,
17308986,
17239302,
17293842,
17300889,
17470638,
17280537,
17261028,
17347347,
17301276,
17452650,
17334081,
17243124,
17674941,
17206011,
17480559,
19140360,
18390468,
17275251,
17259870,
17817210,
17310831,
17319462,
17248509,
17326362,
17554629,
17350869,
17233701,
17243061,
17336337,
17344926,
17519319,
17256084,
17301879,
17311209,
17288895,
17254311,
17547351,
17308335,
20900925,
18465243,
18420660,
18522561,
17325015,
17369211,
17250921,
Descripcion: normal sin if con cuerpo
../bin/tp2 fcolor -i c ../data/base/city.avi 20 220 20 126
Procesando...
  Filtro             : fcolor
  Implementación     : c
  Archivo de entrada : ../data/base/city.avi
18325983,
17230683,
17186013,
17288016,
17256924,
17431467,
17258781,
17179875,
17266200,
17255064,
17363880,
17332305,
17139744,
17315229,
17262306,
17516529,
17229906,
17392821,
17302539,
17251980,
17353326,
17266401,
17178717,
17446602,
17266737,
17370123,
17308431,
17192160,
17258868,
17425788,
17369187,
17258778,
17195067,
17280885,
17301597,
17457960,
17262138,
17218368,
17196420,
17228664,
17370231,
17355237,
17248944,
17387106,
17251941,
17387616,
17338500,
17331810,
17281698,
17255298,
17386941,
17261424,
17259303,
17440788,
17251692,
17368428,
17259594,
17236233,
17282733,
17359239,
17379252,
17260125,
17206878,
17363760,
17254998,
17521947,
17236206,
17231877,
17553612,
17300205,
17329929,
17467857,
17243892,
17414547,
17248737,
17421228,
17201226,
17375133,
17340594,
17273907,
17363166,
17329833,
17233254,
17484363,
17280393,
17305074,
17306643,
17286402,
17278554,
17410500,
17310999,
17255400,
17251071,
17334906,
17302338,
17548224,
17264694,
17257635,
17278173,
Descripcion: normal sin if con cuerpo
../bin/tp2 fcolor -i c ../data/base/city.avi 20 220 20 126
Procesando...
  Filtro             : fcolor
  Implementación     : c
  Archivo de entrada : ../data/base/city.avi
18171576,
17287590,
17270544,
17160489,
17415396,
17323044,
17266455,
17345679,
17198502,
17267106,
17248542,
17457009,
17437608,
17230782,
17271255,
17237979,
17252829,
17498658,
17280999,
17214900,
17290068,
17264967,
17306268,
17384889,
17210748,
17337336,
17266698,
17302569,
17260971,
17398308,
17513346,
17175162,
17225601,
17216121,
17172030,
17451417,
17325264,
17309154,
17290155,
17232585,
17238177,
17430003,
17363826,
17298108,
17208813,
17246739,
17321403,
17496072,
17252667,
17206473,
17252115,
17309955,
17308026,
17521953,
17207829,
17248188,
17557365,
17325300,
17486232,
17575245,
17195130,
17281881,
17303169,
17308635,
17442462,
17409417,
17265066,
17289114,
17254074,
17574465,
17198670,
17393766,
17338302,
17253288,
17274015,
17251452,
17268687,
17539044,
17255622,
17245686,
17433531,
17324082,
17303667,
17425032,
17246187,
17345562,
17272071,
17354715,
17256651,
17375889,
17293587,
17258196,
17421453,
17353242,
17263914,
17391381,
17257320,
17292909,
17349993,
Descripcion: normal sin if con cuerpo
../bin/tp2 fcolor -i c ../data/base/city.avi 20 220 20 126
Procesando...
  Filtro             : fcolor
  Implementación     : c
  Archivo de entrada : ../data/base/city.avi
31105497,
17209398,
17233464,
17179200,
17532558,
17263929,
17229753,
17152995,
17202810,
17373912,
17527455,
17257404,
17152233,
17199366,
17391354,
17207784,
17456115,
17158134,
17201949,
17369562,
17215215,
17153274,
17535678,
17204016,
17352042,
17213640,
17176539,
17487117,
17524356,
17353776,
17208789,
17150037,
17351352,
17198403,
17674281,
17200950,
17180889,
17329341,
17204943,
17375718,
17488080,
17180856,
17351934,
17242677,
17394195,
17183025,
17422875,
17335884,
17269050,
17346432,
17181585,
17174349,
17513013,
17215506,
17352231,
17221485,
17252709,
17333475,
17936811,
17402904,
17189919,
17207112,
17376516,
17245707,
17612046,
17177484,
17201142,
17326197,
17255697,
17338011,
17445018,
17173572,
17324025,
17483583,
17422317,
17198847,
17435295,
17324043,
17151927,
17413047,
17259276,
17248734,
17599530,
17154309,
17350110,
17204091,
17229825,
17326023,
17435103,
17345871,
17215863,
17239020,
17362893,
17182665,
17610207,
17278038,
17143893,
17323026,
17211690,
