Descripcion: normal
./tp2 miniature -i c ../data/base/city.avi 0.45 0.55 1
Procesando...
  Filtro             : miniature
  Implementación     : c
  Archivo de entrada : ../data/base/city.avi
333535743,
332010024,
332326440,
332623461,
332392518,
332330262,
332768295,
332823273,
332165775,
332264910,
333571458,
332634621,
332424768,
332562018,
332167191,
332632104,
332115465,
332306037,
332277543,
332701581,
332283477,
332408625,
332489244,
332588781,
333564351,
332281701,
332421000,
332750328,
332467677,
332476581,
332494497,
332540328,
332338896,
332565549,
332654004,
332763510,
332428869,
333713586,
332456691,
333849156,
332403936,
332703495,
332384031,
332760309,
332466072,
332560884,
332660166,
333001617,
355511364,
332478864,
332232888,
369714552,
332500416,
332551386,
332727681,
332846124,
332658546,
332316747,
332490213,
333211941,
332536464,
332591250,
332520000,
333838083,
333659103,
332789847,
332349273,
332711133,
354625678,
332345520,
332267955,
356069877,
332661441,
332542350,
356164713,
332814390,
332521578,
332414262,
334853670,
332777313,
332663406,
332923935,
332472768,
332661825,
333749391,
332885703,
332593095,
332762376,
332776992,
332497758,
332591115,
333707862,
333261348,
333620631,
332738943,
356572746,
332605431,
332600496,
332755410,
Descripcion: normal
./tp2 miniature -i c ../data/base/city.avi 0.45 0.55 1
Procesando...
  Filtro             : miniature
  Implementación     : c
  Archivo de entrada : ../data/base/city.avi
334431429,
333153561,
333527637,
333351978,
332322543,
333601638,
332905449,
332796135,
333193671,
333127641,
333383487,
333579183,
332808927,
331947813,
333052659,
333073002,
332967318,
333039552,
333221028,
333220881,
332995863,
333118227,
332525697,
333180660,
332794266,
333059829,
333117807,
333705426,
333074136,
332633172,
333067782,
333001218,
332728872,
333208065,
333256857,
332876355,
333106449,
332987922,
332952033,
332964693,
332789358,
332887749,
332977683,
333168132,
332937879,
333015993,
333152349,
332976678,
332917404,
333214506,
332912211,
333126447,
332977494,
332883858,
333058182,
332997771,
332940723,
332919699,
332948730,
333310737,
332797083,
333158043,
332662866,
333097611,
333014118,
333260835,
332056353,
333030429,
332611581,
332079507,
332959311,
333073650,
333213348,
333251742,
333269073,
332167683,
332906568,
332833134,
333610947,
333529998,
332847834,
332915211,
333302370,
332953161,
332779236,
332934852,
334199892,
333204396,
332903607,
333013158,
333478491,
333063249,
332783685,
333751482,
333304968,
332983254,
333705750,
333185283,
333350724,
Descripcion: normal
./tp2 miniature -i c ../data/base/city.avi 0.45 0.55 1
Procesando...
  Filtro             : miniature
  Implementación     : c
  Archivo de entrada : ../data/base/city.avi
333688128,
332906196,
333715416,
333240918,
333097788,
333061893,
333453117,
333682077,
332780400,
333099351,
333398724,
333120915,
332912433,
332897217,
334304166,
332286603,
334257378,
333014616,
333420417,
332566167,
333415758,
332914812,
333566988,
333640101,
332947587,
333123342,
333771627,
333208755,
332600406,
334735974,
333276327,
333437835,
333419295,
333075978,
333984588,
332901549,
333079578,
335096751,
333412788,
333014436,
333076896,
332733957,
332774514,
333096033,
333160923,
333633171,
333432582,
333090999,
333042489,
332887602,
335309064,
333384825,
332988339,
333102807,
333298068,
333134223,
332813010,
333242790,
334123617,
332979597,
333093924,
332990442,
333165282,
333288699,
333085578,
332927616,
333640041,
332825148,
332782740,
332936508,
333486852,
334221459,
332466840,
332945538,
333557304,
332911167,
333565593,
333044904,
333653367,
332793312,
332707404,
332122680,
333706326,
332989305,
333475551,
333702495,
335678616,
333805824,
333453813,
333609879,
334068816,
333669543,
333479043,
335296347,
333472983,
333840555,
333736890,
333788079,
334965888,
Descripcion: normal
./tp2 miniature -i c ../data/base/city.avi 0.45 0.55 1
Procesando...
  Filtro             : miniature
  Implementación     : c
  Archivo de entrada : ../data/base/city.avi
334252671,
333281079,
332904969,
333076398,
333127557,
332821278,
332670042,
332536356,
332273703,
333212751,
356070153,
332484930,
332477808,
332270469,
332673912,
332510031,
332456616,
332528742,
332854209,
332573754,
332132337,
332491149,
332848626,
333891174,
332576910,
332465835,
333049647,
332551605,
332332377,
332357388,
333005685,
332842443,
332453034,
332379009,
332876652,
332395695,
332979546,
353948133,
332748606,
332303817,
332642520,
332515995,
332581737,
332439708,
332517534,
332421900,
332753478,
332484063,
332458458,
332494911,
355646805,
332517213,
332401641,
332361279,
332868564,
332353380,
332145861,
332457525,
332853285,
332434578,
332656317,
332488080,
332851440,
332476167,
333759312,
332907975,
332875110,
332712855,
332364693,
332227998,
332875167,
332558106,
332430183,
332470269,
332931894,
332518437,
332463573,
333869184,
332862102,
332219295,
332394192,
332562405,
332762748,
332328180,
332324352,
332364765,
332820651,
332342742,
332214714,
332268588,
332572950,
333400236,
332395731,
332417793,
333007356,
332292183,
332355519,
332630847,
332875830,
Descripcion: normal
./tp2 miniature -i c ../data/base/city.avi 0.45 0.55 1
Procesando...
  Filtro             : miniature
  Implementación     : c
  Archivo de entrada : ../data/base/city.avi
333890160,
333255918,
333192501,
333050688,
333444033,
332845578,
333283710,
333152919,
333281190,
333002754,
333092277,
332476257,
332976573,
332957634,
332744616,
332998869,
333105216,
332839227,
334356030,
333063225,
333048429,
333127719,
333392721,
332977554,
333068859,
332981304,
333278421,
332992185,
332742747,
332885700,
333586407,
332875185,
333534573,
332990736,
333379515,
333235620,
333322833,
333674109,
332729697,
332900073,
332692539,
333660963,
333156357,
332905689,
333663429,
333492648,
333122526,
332769690,
332768115,
332456628,
333190353,
333060729,
332954676,
332799714,
332990343,
332885091,
332880099,
333298812,
332965851,
333217833,
332885850,
333258267,
333248568,
332899596,
332960856,
332977164,
333533310,
332711109,
332838489,
332854473,
335854008,
333581847,
333633024,
333650331,
334862565,
333818742,
334482414,
334485498,
333811422,
334999383,
335313075,
333987285,
334532508,
335382576,
333617856,
336442878,
336296742,
336936000,
335525418,
337578102,
342983388,
334238919,
334133631,
334732995,
333989232,
334074183,
333914982,
333795609,
333793512,
