Descripcion: sin movdqu
./tp2 miniature -i asm ../data/base/city.avi 0.45 0.55 1
Procesando...
  Filtro             : miniature
  Implementación     : asm
  Archivo de entrada : ../data/base/city.avi
17024772,
16689138,
16763331,
16910658,
18194631,
18046581,
17430963,
18024012,
17195712,
17805360,
17342565,
16768389,
16847559,
16730778,
16748232,
16851432,
16773405,
16772865,
16896783,
16729974,
16791621,
16848882,
16746390,
16745859,
16849092,
16988313,
16748244,
16892145,
16737084,
16692702,
16848669,
16725675,
16947927,
16901661,
16783779,
16738431,
16886670,
16731888,
16694571,
17081013,
16784661,
16694151,
16892808,
16728951,
16693827,
16896732,
17006298,
16743915,
16836606,
16728849,
16694274,
16782753,
16726392,
16908522,
16774014,
16724619,
16693572,
16697535,
16676178,
16728549,
16961628,
16736139,
16684923,
16710408,
16681551,
16677414,
16708062,
16904892,
16732605,
16710273,
16741905,
16938069,
16711428,
16787139,
16932342,
16756029,
16683612,
16678173,
16712361,
16682523,
16738122,
16943043,
16736592,
16683213,
16700280,
16682961,
16686075,
16710705,
16936170,
16733796,
16907523,
16696524,
16816866,
16721073,
16695297,
17110917,
16772712,
16693047,
16843437,
Descripcion: sin movdqu
./tp2 miniature -i asm ../data/base/city.avi 0.45 0.55 1
Procesando...
  Filtro             : miniature
  Implementación     : asm
  Archivo de entrada : ../data/base/city.avi
16886889,
17115411,
16747824,
16693197,
16719939,
16694082,
16693323,
16712286,
16974537,
17872272,
16784289,
16707027,
16883349,
16730877,
16706523,
17119320,
16834986,
16705395,
16875378,
16783284,
16821054,
16853007,
17026278,
16760538,
16871631,
16759095,
16706367,
16930683,
16742718,
16898406,
16924338,
17923830,
16683444,
16894287,
16685781,
25023174,
17016189,
16899798,
16780839,
16925934,
16783179,
16779699,
17093826,
16786263,
16774692,
16842099,
16861542,
16723269,
16866057,
16975134,
16768623,
16866780,
16723947,
16823712,
16919079,
16778121,
17016780,
16821579,
16722828,
16769343,
16875891,
16828788,
16821768,
16989126,
16778955,
16774395,
16877457,
16765977,
16773423,
16884588,
16943565,
16767144,
16925175,
16836435,
16884471,
16884708,
16782522,
17005218,
16931514,
16772322,
16782756,
16828578,
16715586,
16767075,
16982271,
16725504,
16711929,
16823460,
16727013,
16770933,
16823370,
16927329,
16679844,
16808925,
16715802,
16725465,
16868622,
16771923,
16942452,
Descripcion: sin movdqu
./tp2 miniature -i asm ../data/base/city.avi 0.45 0.55 1
Procesando...
  Filtro             : miniature
  Implementación     : asm
  Archivo de entrada : ../data/base/city.avi
16823247,
16762641,
16744140,
16826778,
16940370,
16807911,
16972416,
16883763,
16855836,
16923051,
17043345,
16799187,
16913592,
16886169,
17131308,
17195589,
16879059,
17068791,
16962921,
16782090,
16746684,
16908657,
16725954,
16797018,
17085246,
16733748,
16680387,
16944741,
16781376,
16731825,
16887147,
16731606,
16684314,
16989030,
16739130,
16735011,
17061840,
16744701,
16923480,
17012091,
16861659,
16773198,
16983738,
16754277,
16881405,
17153904,
31047927,
16881732,
16927770,
16789899,
16781835,
16915053,
16904118,
16742433,
16876185,
16777587,
16739664,
16918140,
16947474,
16738146,
16809285,
16717764,
16683897,
16830963,
16714995,
16994826,
16835661,
16718592,
16689093,
16839198,
16727856,
16692225,
17106333,
16770912,
16691367,
17002821,
16822419,
16753680,
17002857,
17074956,
16753530,
17000340,
16934265,
16753332,
16839483,
16786893,
16873827,
16840968,
16725906,
16691415,
16839903,
16774836,
16745019,
17004249,
16717794,
16693134,
16839291,
16729077,
16694028,
Descripcion: sin movdqu
./tp2 miniature -i asm ../data/base/city.avi 0.45 0.55 1
Procesando...
  Filtro             : miniature
  Implementación     : asm
  Archivo de entrada : ../data/base/city.avi
17945550,
16883400,
16777443,
16801134,
16875759,
16703943,
17261064,
16818309,
16718484,
16691934,
16887318,
16778535,
16748679,
17112231,
16769982,
16841394,
16891737,
16776351,
16746069,
16897428,
17028942,
16747134,
16999983,
16831698,
16751085,
16995921,
16776669,
16982562,
16946778,
16778949,
16752762,
16946652,
16722648,
16691250,
16926711,
16758732,
16689543,
16839981,
16716900,
16690821,
16838526,
17060811,
16705275,
16858734,
16739217,
16706559,
16856931,
16843842,
16945242,
16909080,
16849200,
16764276,
16981137,
16862517,
16767519,
17004129,
16856181,
16806141,
16927680,
16755756,
16695267,
16718571,
16897572,
16698963,
16777527,
16750410,
16748649,
16732293,
16751235,
16957722,
16732029,
16757670,
16795557,
16871016,
16870614,
16941759,
17125491,
16764213,
16979280,
16792311,
16753458,
16935960,
16780311,
17007816,
16849635,
16742904,
16749594,
16916001,
16773042,
16810539,
17092377,
16772664,
16746837,
16914702,
16774437,
16745538,
16870884,
17252475,
16691571,
Descripcion: sin movdqu
./tp2 miniature -i asm ../data/base/city.avi 0.45 0.55 1
Procesando...
  Filtro             : miniature
  Implementación     : asm
  Archivo de entrada : ../data/base/city.avi
16859289,
16938552,
16738038,
17100675,
16998957,
16843491,
16761240,
16901952,
16806669,
16829436,
17079747,
16799127,
16775313,
16968273,
16747560,
16716900,
16918338,
16962783,
16718718,
16906200,
16696515,
16765593,
16958295,
16808127,
17455011,
16961577,
16756674,
16809081,
16951329,
16757811,
16816650,
16929681,
16738368,
16808481,
16973757,
16737942,
16811073,
16971630,
16916793,
17002008,
16913925,
16822887,
16721544,
16974009,
16946268,
17022834,
16974009,
16786104,
16883073,
16922838,
16787211,
16833189,
17119902,
16783410,
16880442,
17131827,
16785699,
16877640,
16908759,
16927020,
16779840,
16872000,
16714026,
16683225,
16942503,
16764918,
16904469,
16824273,
16832298,
16702719,
16947816,
16828896,
16798302,
16928877,
16774866,
16692486,
16836927,
16784112,
16750581,
16811856,
17048697,
16754844,
16898031,
16774179,
16754865,
16891806,
16877991,
17003523,
16838856,
16766262,
16695009,
16853877,
25635822,
17141205,
16747305,
16761909,
16869984,
16850790,
16863411,
