Descripcion: sin lectura escritura
./tp2 miniature -i c ../data/base/city.avi 0.45 0.55 1
Procesando...
  Filtro             : miniature
  Implementación     : c
  Archivo de entrada : ../data/base/city.avi
72781065,
79576950,
78587853,
74107437,
75906870,
76245054,
72309093,
75479364,
75546834,
71899062,
72209796,
71706795,
71824542,
72040644,
74853186,
71819760,
75874065,
82061670,
71889423,
72139260,
71820807,
76301124,
72339450,
74608698,
71691210,
71803059,
71855049,
72006120,
72251865,
71910246,
71987487,
72119190,
71526138,
71658126,
72158832,
71895858,
72019629,
74392605,
71791227,
71895570,
76324713,
71695944,
76135143,
71941977,
75236931,
74526855,
72191550,
75068982,
71982111,
72299829,
71800824,
71759001,
71939103,
72833394,
75086751,
74776362,
74944467,
75421362,
72294576,
71773314,
71756508,
71873364,
75760749,
71729883,
72259377,
75882654,
71972745,
72149331,
71986875,
71828796,
71973714,
75154227,
74521902,
72048561,
71918961,
75799485,
74798451,
71935488,
71908002,
71993124,
71479653,
71636019,
82958793,
74081217,
79397553,
73108347,
75736689,
71963529,
76810668,
75710628,
71716602,
72164049,
75704196,
72356757,
72462399,
72253935,
74628144,
75702591,
76573758,
Descripcion: sin lectura escritura
./tp2 miniature -i c ../data/base/city.avi 0.45 0.55 1
Procesando...
  Filtro             : miniature
  Implementación     : c
  Archivo de entrada : ../data/base/city.avi
77106744,
75873279,
77062338,
75485751,
75953586,
72760986,
75326538,
76202136,
76636977,
75751038,
77255448,
72715935,
75756600,
76242183,
76422834,
72700515,
75744708,
76771479,
75826056,
72771081,
75927336,
75907986,
72728862,
75417117,
72428019,
75543705,
76751391,
84679764,
76286256,
72779916,
75488106,
75530934,
73011420,
75617832,
76095933,
74675334,
72834453,
72844197,
77629959,
75949944,
76186107,
75846867,
75134667,
75517476,
76735437,
75424719,
75240153,
75435561,
75904023,
75981747,
73080054,
76213647,
72580140,
75803073,
72427128,
76614654,
75497547,
72496992,
75966159,
76119159,
72582657,
75881373,
76892778,
76962639,
75993606,
76045977,
75809820,
76205685,
72783627,
75994380,
77017272,
75822210,
75931395,
76128786,
73014807,
72319203,
76098702,
75512793,
75983178,
76100196,
76722699,
76064457,
76473879,
76006875,
72482910,
76229772,
76186569,
72553839,
72412431,
78197640,
75961113,
76196925,
73590303,
75498825,
75632295,
77191626,
77002851,
75231294,
76333233,
Descripcion: sin lectura escritura
./tp2 miniature -i c ../data/base/city.avi 0.45 0.55 1
Procesando...
  Filtro             : miniature
  Implementación     : c
  Archivo de entrada : ../data/base/city.avi
77013060,
72263352,
75986178,
75489066,
72203700,
76200726,
76209603,
72555783,
77525691,
78041250,
73256622,
76233309,
76051314,
72611556,
74755038,
76193061,
72632376,
75605100,
72810108,
73076514,
76245999,
73167135,
72369486,
73188366,
72423264,
75795258,
75660504,
75727185,
72485058,
73202823,
75803469,
72316656,
76862253,
76723467,
76266297,
73205664,
76153692,
72547986,
76788522,
73537143,
73043097,
73097808,
75638112,
75618843,
75950196,
75591291,
72356460,
76800231,
72641445,
75397632,
75983037,
76858524,
72324060,
72392199,
75902274,
72589206,
77006607,
73466148,
72581844,
82719360,
72841224,
72832611,
72761451,
72227523,
72810138,
73287438,
75489078,
72937431,
77727603,
72616407,
72725328,
73028247,
72597027,
75838761,
77124972,
74484855,
72559218,
73114818,
72482433,
72458478,
73214622,
77659035,
72796737,
76637211,
72335052,
72044595,
72482661,
72644928,
72683175,
72701742,
72735222,
72300762,
72454656,
75772182,
75051996,
72159546,
76149744,
75551562,
72437511,
Descripcion: sin lectura escritura
./tp2 miniature -i c ../data/base/city.avi 0.45 0.55 1
Procesando...
  Filtro             : miniature
  Implementación     : c
  Archivo de entrada : ../data/base/city.avi
81505260,
76856208,
76161816,
72243309,
72124299,
76667946,
71510802,
71816349,
72205347,
72139779,
72045588,
76849401,
72001386,
71980770,
72126573,
75036243,
75719394,
72550872,
75121590,
72081159,
72212151,
75144228,
72014712,
72507351,
75882339,
71934147,
72319014,
71832501,
72004041,
72255936,
75367986,
72147036,
72895614,
72026586,
75044376,
72066315,
76902786,
71921136,
72315978,
72044088,
72094281,
72254532,
75852732,
71789085,
72457692,
72194961,
74750178,
72172785,
72147909,
76478256,
72240165,
72043416,
72182931,
72388932,
71883582,
72056556,
72181845,
75122787,
72339528,
76744473,
75992991,
74990634,
73469340,
71868057,
71991612,
75242148,
71953947,
77034732,
75150480,
72093684,
71996079,
77243094,
72118386,
75016008,
72256680,
71898507,
75740916,
73086741,
72003288,
71981562,
76196346,
72041430,
72099222,
72304218,
71792022,
76222434,
76035519,
72051519,
76758861,
74705820,
72059469,
72145407,
76080900,
71864112,
76198899,
76007802,
71977581,
76649979,
72634878,
Descripcion: sin lectura escritura
./tp2 miniature -i c ../data/base/city.avi 0.45 0.55 1
Procesando...
  Filtro             : miniature
  Implementación     : c
  Archivo de entrada : ../data/base/city.avi
72848385,
71909283,
72230247,
76176213,
71924634,
75333723,
71787723,
71999325,
72290484,
72119097,
74610450,
72402630,
72051711,
74674881,
75741777,
72394626,
75968571,
72256155,
71999112,
71976978,
72549453,
75558582,
76121853,
72366975,
76333203,
72072642,
76451622,
75056136,
74873553,
76517919,
71945049,
75024108,
72427611,
71952873,
76393704,
72026121,
73232124,
71924706,
72450420,
75179373,
75508101,
73193271,
75259014,
71933349,
72114372,
71838573,
73527480,
75695400,
72030831,
72104328,
72093966,
74213961,
72310236,
73138701,
74533764,
72030615,
74102196,
74734689,
72226470,
72113403,
75687489,
76414320,
76428639,
72124233,
74781258,
75636810,
74143854,
72185637,
72307881,
76178583,
72266757,
77597616,
72235410,
72040461,
75835755,
71950080,
72074892,
75303186,
75164820,
72226617,
72396672,
75067881,
74507790,
72197748,
74913393,
72326757,
72174729,
74705721,
75127173,
75891513,
71996007,
72215073,
75436980,
72089826,
72062115,
75199488,
76048128,
78098157,
72322239,
