Descripcion: sin procesar datos
./tp2 miniature -i asm ../data/base/city.avi 0.45 0.55 1
Procesando...
  Filtro             : miniature
  Implementación     : asm
  Archivo de entrada : ../data/base/city.avi
3118719,
2517699,
2667609,
2533728,
2583504,
2580822,
2579517,
2709237,
3202146,
2510301,
2714904,
2704293,
2841618,
2677857,
2695401,
2810148,
2484873,
2535099,
2477565,
2536419,
2527602,
3051270,
2515020,
2576391,
2957115,
2518950,
2685459,
2525769,
2539059,
2618232,
2531343,
2528079,
2613165,
2527068,
2525067,
2599968,
2708832,
2526696,
2623131,
2531892,
2524527,
2610009,
2509803,
2534469,
2530716,
2522019,
2734236,
2530917,
2529363,
2530662,
2548455,
2531616,
2523759,
2534691,
2533791,
2521176,
2520765,
2616708,
2530050,
2529681,
2621907,
2528667,
2528466,
2634777,
2529294,
2595558,
2811291,
2528652,
2529957,
2686107,
2522181,
2530257,
2543532,
2519442,
2550762,
2530200,
2524881,
2569500,
2517897,
2525448,
2666448,
2532183,
2528454,
2605767,
2526120,
2530530,
2634873,
2525619,
2529438,
2647701,
2524332,
2526009,
2618103,
2529018,
2525592,
2619381,
2532636,
2516946,
2713665,
Descripcion: sin procesar datos
./tp2 miniature -i asm ../data/base/city.avi 0.45 0.55 1
Procesando...
  Filtro             : miniature
  Implementación     : asm
  Archivo de entrada : ../data/base/city.avi
3281595,
2678388,
3031878,
2661873,
2734470,
2661627,
2550210,
2692518,
2567124,
2554872,
2679306,
2618124,
2557212,
2694780,
2544732,
2616084,
2640408,
2568126,
2550528,
2694222,
2582457,
2549346,
2548830,
2541351,
2549214,
2540823,
2558748,
2552046,
2502774,
2537949,
2551806,
2625213,
2542866,
2554749,
2620479,
2546457,
2540445,
2702004,
2539896,
2512692,
2743698,
2535759,
2548923,
2551290,
2627313,
2548737,
2545389,
2633361,
2488185,
2545431,
2856726,
2548833,
2545518,
2725914,
2550549,
2549478,
2644725,
2641437,
2551698,
2702571,
2555712,
2497224,
2543556,
2558769,
2545848,
2538489,
2549547,
2544237,
2546733,
2556147,
2552910,
2556720,
2609694,
2545839,
2531871,
2555853,
2546388,
2548071,
2549811,
2551569,
2541168,
2542191,
2553708,
2535474,
2552703,
2541657,
2614263,
2547231,
2548833,
2576067,
2677458,
2542179,
2548221,
2649789,
2608410,
2536278,
2704086,
2548713,
2649150,
Descripcion: sin procesar datos
./tp2 miniature -i asm ../data/base/city.avi 0.45 0.55 1
Procesando...
  Filtro             : miniature
  Implementación     : asm
  Archivo de entrada : ../data/base/city.avi
8226384,
2505036,
2592714,
2534229,
2502687,
2542899,
2524644,
2500050,
2959845,
2496777,
2435691,
2579310,
2524731,
2495508,
2561892,
2500839,
2500863,
2585343,
2648421,
2577540,
2498145,
2675478,
2460780,
2587920,
2612070,
2506362,
2506743,
2616558,
2679480,
2505675,
2603691,
2503014,
2508897,
2593584,
2599398,
2506674,
2645463,
2504511,
2502942,
2608068,
2498028,
2504697,
2603664,
2502315,
2506530,
2645199,
2509494,
2504070,
2655723,
2498100,
2505207,
2603331,
2497155,
2475180,
2738055,
2496831,
2465997,
2691570,
2977671,
2500119,
2640111,
2499378,
2460882,
2637150,
2494848,
2457006,
2570469,
2504310,
2489808,
2556087,
2643129,
2499483,
2602083,
2593302,
2502279,
2590569,
2499606,
2947827,
3771552,
2727492,
2758020,
2661741,
2810235,
2757501,
2499636,
2607411,
2524074,
2443107,
2641041,
2572368,
2514540,
2600643,
2520573,
2727396,
2591595,
2501817,
2522715,
2643264,
2505384,
Descripcion: sin procesar datos
./tp2 miniature -i asm ../data/base/city.avi 0.45 0.55 1
Procesando...
  Filtro             : miniature
  Implementación     : asm
  Archivo de entrada : ../data/base/city.avi
3803421,
2661588,
2523165,
2530584,
2620581,
2552715,
2541282,
2628558,
2528739,
2655312,
2742159,
2541180,
2531484,
2619627,
2575206,
2530035,
2605965,
2603490,
2518044,
2701620,
2548698,
2520534,
2530860,
2588829,
2529906,
2534316,
2528034,
2537739,
2628111,
2530362,
2527740,
2530326,
2580129,
2529012,
2530680,
2531589,
2522361,
2628177,
2549874,
2527470,
2811174,
2626626,
2534745,
2527422,
2613333,
2538768,
2527917,
2691591,
2526495,
2536737,
2857131,
2537085,
2535192,
2623761,
2543946,
2604807,
2675646,
2608542,
2540571,
2681616,
2733615,
2535963,
2625480,
2556522,
2532201,
2672751,
2528340,
2542392,
2648463,
2643477,
2731530,
2625189,
2786448,
2628990,
2652858,
2530545,
2548755,
2691801,
2548035,
2537223,
2617815,
2541786,
2538969,
2671494,
2525598,
2535066,
2662281,
2547105,
2531715,
2620059,
2568336,
2533965,
2656110,
2519217,
2538954,
2648694,
2545074,
2535231,
2622216,
Descripcion: sin procesar datos
./tp2 miniature -i asm ../data/base/city.avi 0.45 0.55 1
Procesando...
  Filtro             : miniature
  Implementación     : asm
  Archivo de entrada : ../data/base/city.avi
3009360,
2501037,
2648529,
2511771,
2511921,
2616822,
2539827,
2500263,
2581143,
2511927,
2514636,
2582919,
2511351,
2499108,
2577792,
2531220,
2505345,
2578218,
2720493,
2505615,
2579535,
2518218,
2500161,
2502855,
2515305,
2503503,
2569365,
2510325,
2509581,
2602644,
2514057,
2504448,
2565096,
2529045,
2501751,
2575020,
2551665,
2504835,
2837955,
2513505,
2567670,
2559246,
2528370,
2507451,
2576916,
2507781,
2515023,
2517399,
2512137,
2500311,
2580465,
2599251,
2509704,
2502927,
2661519,
2507103,
2503395,
2662656,
2778702,
2492493,
2609697,
2508090,
2507298,
2603616,
2523615,
2498769,
2645955,
2498811,
2795703,
2630067,
2505807,
2502936,
2611869,
2501712,
2502222,
2653074,
2503233,
2506020,
2592741,
2494635,
2498244,
2617818,
2500464,
2491710,
2642829,
2509416,
2503323,
2512647,
2706945,
2497350,
2607669,
2509422,
2491569,
2667921,
2502051,
2505909,
2602695,
2559381,
2496768,
