Descripcion: normal
./tp2 miniature -i asm ../data/base/city.avi 0.45 0.55 1
Procesando...
  Filtro             : miniature
  Implementación     : asm
  Archivo de entrada : ../data/base/city.avi
18772629,
18450399,
18311343,
18336915,
19898250,
19645176,
19851072,
19871571,
18768552,
18436194,
18561519,
18601857,
18195978,
18210984,
18559968,
18318936,
18351015,
18305631,
18197244,
18244923,
18476634,
18454599,
18359199,
18367695,
18268665,
18261270,
18774309,
18211599,
18312894,
18288348,
18365634,
18435111,
18477306,
18296172,
18207591,
18306390,
18461931,
18193047,
18862437,
18311943,
18347040,
18422307,
18253020,
18247041,
18574107,
18341937,
18364374,
18232131,
18260505,
18381684,
18629199,
18198639,
18326907,
18179775,
18429657,
18250353,
18550191,
18218187,
18197094,
18357987,
18307677,
18395763,
18531267,
18192714,
18370365,
18269454,
18246699,
18261033,
18613422,
18437586,
18347184,
18333729,
18214203,
18313488,
18710640,
18340920,
18232278,
18233898,
18306243,
18179904,
18538167,
18445590,
18231180,
18327756,
18191625,
18339735,
18862326,
18358770,
18251514,
18365124,
18232476,
18268422,
18776523,
18390051,
18256452,
18263823,
18192234,
18512604,
18768621,
Descripcion: normal
./tp2 miniature -i asm ../data/base/city.avi 0.45 0.55 1
Procesando...
  Filtro             : miniature
  Implementación     : asm
  Archivo de entrada : ../data/base/city.avi
18792252,
18220500,
18174741,
19191144,
18292935,
18419019,
18383370,
18217443,
18356991,
18301131,
22955070,
18256620,
18543153,
18378510,
18284571,
18301437,
18306327,
18593415,
18355083,
18439887,
18375699,
18357030,
25980024,
18456885,
18553674,
18391677,
18296688,
18234345,
18573495,
18365739,
18545385,
18450420,
18353715,
18339846,
18670440,
18329199,
18504993,
18522384,
18257952,
18334548,
18422382,
18504399,
18634545,
18323820,
18345414,
18240711,
18502158,
18511713,
18347082,
18470598,
18376800,
18202962,
18662943,
18381792,
18388008,
18347580,
18393360,
18461277,
18478185,
18250635,
18327462,
18256488,
18501531,
18352074,
18462363,
18322677,
18341661,
18450525,
18340995,
18526416,
18655503,
18358821,
18322434,
18356619,
18503889,
18322308,
18691395,
18386031,
18352023,
18286014,
18432213,
18305901,
18998913,
18380544,
18305757,
18392772,
18457857,
18356466,
18650208,
18428217,
18420867,
18477510,
18333393,
18255294,
18502464,
18452757,
18500184,
18392124,
18359793,
Descripcion: normal
./tp2 miniature -i asm ../data/base/city.avi 0.45 0.55 1
Procesando...
  Filtro             : miniature
  Implementación     : asm
  Archivo de entrada : ../data/base/city.avi
18809853,
18354579,
18186021,
18272676,
18511251,
18388359,
18417807,
18650439,
18356601,
18467829,
18314922,
18515778,
18461973,
18360618,
18646896,
18278034,
18301905,
18515904,
18319842,
18598410,
18361284,
18677376,
18396492,
18616275,
18547623,
18583176,
18363018,
18678333,
18381270,
18572904,
18468444,
18381222,
18371187,
18608667,
18490200,
18552924,
18384228,
18389481,
20329395,
19638927,
19983852,
19890444,
18289659,
18330927,
18442362,
18360345,
18264348,
18522135,
18252996,
18442431,
18298857,
18351339,
18329466,
18498336,
18469614,
18179307,
18244206,
18396675,
18251274,
18617112,
18267330,
18333372,
18323751,
18404544,
18420462,
18474819,
18304452,
18351648,
18310719,
18525909,
18213579,
18510849,
18371670,
18286740,
18400467,
18296757,
18286833,
18496491,
18487110,
18354606,
18398307,
18274707,
18485052,
18519165,
18263274,
18297459,
18261057,
18453693,
18356328,
18425913,
18361605,
18259197,
18444471,
18217428,
18292341,
18558165,
18393930,
18450597,
18331035,
Descripcion: normal
./tp2 miniature -i asm ../data/base/city.avi 0.45 0.55 1
Procesando...
  Filtro             : miniature
  Implementación     : asm
  Archivo de entrada : ../data/base/city.avi
18910230,
18335496,
18205626,
18234900,
18248538,
18460674,
18248325,
18267279,
18254727,
18253326,
18661077,
18246879,
18198792,
18226515,
18210837,
18501858,
18571266,
18285978,
18354015,
18202494,
18476361,
19379076,
18564951,
18381252,
18199584,
18499185,
18206394,
18252723,
18735087,
18296646,
18496650,
18217632,
18247149,
18327702,
18858417,
18473553,
18445998,
18263277,
18355476,
18285813,
18571548,
18271776,
18249285,
18374778,
18308451,
18211371,
18724701,
18244032,
18459984,
18253263,
18202041,
18251049,
18601473,
18435183,
18312399,
18210981,
18236589,
18303036,
18701742,
18314931,
18193530,
18338844,
18257982,
18603831,
18594909,
18298122,
18404709,
18264993,
18449592,
18213531,
18562437,
18358815,
18202569,
18512211,
18209538,
18317763,
18454908,
18349119,
18406968,
18261693,
18227073,
18400746,
18588276,
18333927,
18214974,
18226701,
18388833,
18214989,
18459348,
18361176,
18249936,
18503322,
18232095,
18198585,
19026462,
18198555,
18556815,
18459627,
18186621,
Descripcion: normal
./tp2 miniature -i asm ../data/base/city.avi 0.45 0.55 1
Procesando...
  Filtro             : miniature
  Implementación     : asm
  Archivo de entrada : ../data/base/city.avi
18656301,
18499806,
18316275,
18406494,
18246696,
19097934,
18407847,
18221913,
18214158,
18425382,
18251004,
18583317,
18352704,
18353673,
18338712,
18526494,
18463416,
18550569,
18344613,
18194055,
18225522,
29436315,
18407733,
18528438,
18202998,
18310851,
18235065,
18241635,
18769488,
18244017,
18234960,
18319008,
18255837,
18271638,
18546294,
18321963,
18439329,
18262485,
18208515,
18308838,
18542403,
18399795,
18247659,
18239208,
18349368,
18183690,
18755628,
18199833,
18342723,
18334218,
18240120,
18392217,
18818808,
18301164,
18327600,
18246822,
18371235,
18298335,
18646569,
18323628,
18419037,
18420660,
18288429,
18238965,
18594909,
18237909,
18312807,
18256302,
18306393,
18236688,
18531993,
18268137,
18238782,
18324519,
18380979,
18262266,
18742470,
18253251,
18381132,
18380037,
18259932,
18259782,
18534930,
18433095,
18372060,
18227532,
18320556,
18348555,
18516915,
18428406,
18202179,
18325734,
18207723,
18244197,
18621900,
18208362,
18220560,
18309738,
18255291,
